13 4
4 7
13 11
4 18
13 2
13 10
7 16
11 12
13 8
8 17
7 5
17 6
18 15
15 1
6 3
13 19
18 9
13 20
3 14
13 16
13 17
13 5
13 6
13 9
13 14
4 11
4 2
4 10
4 16
4 12
4 8
4 17
4 6
4 20
4 14
7 12
7 17
7 6
7 9
7 20
7 14
11 10
11 8
11 17
11 15
11 1
11 3
11 14
18 2
18 10
18 8
18 17
18 5
18 1
18 3
18 19
18 20
18 14
2 8
2 5
2 15
2 1
2 3
10 5
10 3
16 12
16 8
16 15
16 1
16 3
16 19
16 20
12 8
12 15
12 1
12 3
12 14
8 15
8 19
8 20
8 14
17 5
17 20
5 15
5 14
6 15
6 19
6 9
15 19
15 9
1 19
1 9
1 20
1 14
3 19
3 9
3 20
19 20
19 14
20 14
